returns_merval
NA
-0.0021459285648539604
-0.0079017770164311328
-0.011973361587769738
0.017542449590103538
-0.024286566917380624
-0.0024100842258052424
-0.00077744828126302672
0.023463170481826444
-0.030023508443087544
-0.0017121801100872248
-0.02676650726854124
-0.00436010626774852
-0.064770928980418144
0.0349158472222566
-0.02728335685107286
0.038996985855583864
0.0082397109540268688
0.010585666354961276
1.4971217833448236e-05
0.016000182922029538
-0.014299913510914308
0.01869065689526206
0.01908675780935276
-0.01437935167311899
-0.0074640700194494864
-0.01404266418832556
-0.0092165630220142352
0.0043266264775994048
0.01629122686172746
0.0045615594257633064
-0.0007930991006235288
-0.001333039477951381
0.010445041894564078
0.0011253069103638324
0.0057425862098581248
0.0042134083149987232
0.0023490957199898688
0.015386015429665
0.014344412318751942
0.006869600087394012
0.015078183555173652
-0.016931058466396642
-0.01182151896904049
-0.001044166459133855
0.022031762157482148
-0.0013941183314472028
-0.022851320745403748
-0.013823841322452068
0.020674080541510876
-0.0048333435217742248
0.0073622255720060544
-0.015378753105523834
-0.028818063005855876
0.011941291502273188
-0.033017870876778764
0.026535748654242576
0.005578593111167152
0.0018590357105594536
0.0028993375799917232
0.0066819058032896448
0.015265167408469616
0.0077133313146280352
-0.00027412217192779308
-0.002675471722581868
0.005783974814870696
-0.0040987563851402344
-0.0067392492823596936
-0.0095705316702270336
0.002639389798537728
0.00028288409955656844
0.018787108246209884
0.00010177410783018814
0.011365666489228766
0.0069050817992097888
-0.02512193412130692
-0.0030694474374453052
-0.0051289489913424192
-0.013269333195318644
0.0041742015547789888
-0.019229383550039004
0.012257897395501872
0.0057575887789464984
-0.00097787912472924176
0.010168634112995178
-0.015683511552238016
0.0037465724117717872
0.0059720927258055664
0.0051511977672022976
-0.008823204413848096
-0.0085378318972697536
0.015835425535589032
0.0069920667662399792
0.026368841549543552
0.010960131470558742
0.0012794465887076
0.01230506648726415
-0.0059322737064126944
0.00181017366752112
-0.011050481206595464
0.0083810048639829664
-0.0042716507643412168
-0.00820392852193752
-0.0035880262131540164
-0.00733406947103532
-0.018742119871154372
0.02232910808814026
-0.00452245055947742
-0.0081072063453255792
-0.024529244624708292
-0.018007043524322696
-0.007455039286867304
0.0047294255449426
-0.014840221260297604
0.0059303179841041496
0.0073359120610110288
0.0014965603705663356
0.01215552879776105
-0.011521740099107448
0.011698626751080354
-0.0093363467538827296
0.0098572634835045744
0.0070747376649178408
-0.0060671279782464896
-0.030083539915190192
-0.017195442787907744
0.0040301591950004936
-0.025803030315366016
-0.0038687146489362336
-0.0039249728237251704
-0.017485698985917786
0.0080919227602551664
-0.023467693108933928
0.0084861787603847104
0.007199008078465852
0.038396331589445328
-0.012690184087214896
-0.008225811037139152
-0.020226472993007504
0.0043807830067406072
0.00652239747568828
0.0020522632748285476
0.01194900351975825
-0.015515886282329028
-0.018802408864064368
-0.03858399351125552
-0.0019879075543398628
0.033968615912928436
-0.030200470725556984
-0.021890069745208684
-0.038856050327289896
-0.0072528984386002192
0.02694135669735598
-0.0028671012811516404
-0.0023907400498650588
-0.0034724162960069192
0.007197179889118388
0.0033616562271019392
0.0084742886881068464
-0.0092649248476126544
0.00880484787600544
0.011056890924829866
-0.0015126001326386528
5.0644450644732328e-05
0.00093927086870060352
-0.011801932418364914
0.00010807520907452072
-0.036804019414569568
-0.0094032127577632352
-0.0062923167319821616
-0.044833572871350032
0.0061064407181019576
0.0052205160080811552
0.021105451143652588
-0.053293354208704184
0.0061520590215469184
-0.05210463823782252
0.010726590740588016
0.097503835944124256
0.01666024212948436
-0.020227456498156828
-0.0004769941009588052
0.031021070614879244
-0.0091637458321720544
-0.09083250978672552
0.033544094587488972
0.0046881182045623856
-0.054231927950888272
-0.005412670657940488
-0.060889496154532096
-0.027601958843952444
-0.018463498329454708
-0.054377484929424288
-0.057011746176958592
0.10431637662583792
-0.12951631778032092
0.00016022600333620574
0.0250643861023363
-0.033532410825544368
-0.11642756992717818
-0.10662669358474908
0.024028207435437208
-0.079255255352151728
-0.058396742684212024
0.06376271031310132
0.025796711458093924
0.058271989602900472
0.037528026116190104
0.045288897348752856
0.060080522196065192
0.011226821181625546
-0.035113960067659988
-0.0098329749820234016
-0.01762426179050891
-0.0565311743180672
0.0075488462181505504
0.0067788223542555312
-0.033554023328482784
-0.045749979992321776
-0.02083297280719254
-0.068136419691026792
-0.0418275322963666
0.084306644477567088
0.0049549401823414384
0.05204269081112756
0.017874300374280062
0.022340478062115032
-0.071738833067847448
0.0283561090469604
0.019147506381925084
0.028000792723045008
0.0075883504096063696
0.020955800638541964
0.032807732812099032
0.0267672175536946
0.0078159321029520608
0.015217802845436168
0.025054778345522168
0.0040501080981432128
-0.027859070743897264
-0.018532776534841312
-0.047050690823938976
-0.0069582356403614656
0.019324549315408392
0.016712489330035218
0.0030147467025862796
0.05729888029686592
0.0073808790368419248
0.052825372457096616
-0.0396635426830132
0.021513862184616704
-0.010868618238431438
-0.04453615887047224
0.0033537925273936508
-0.039968015176894408
0.011563887220473746
-0.0020926029599452888
-0.049781584095073048
0.017121690776401798
-0.0045838325957685552
0.008181448713562744
0.0010215031978493272
0.010973663670210244
0.02386568967064928
-0.015424329712845796
-0.010565202033782306
-0.018052773505643492
0.013632989904968972
0.0062285804094557304
0.028936696740039736
0.029365084229325156
-0.0068954295091865344
-0.027533230884919212
0.002593660094158956
-0.02117977325284226
0.04517696556929884
-0.0098021336385292208
-0.04633105220044964
-0.016956568392513916
0.010157733631513288
-0.01611915901541927
-0.038019485706021424
0.03087041157370418
-0.021405778805307916
-0.0012174887855245232
0.001394097891163959
-0.077000284908637088
-0.014547690481814258
0.058616540707017608
-0.032417782981037924
0.010636458705419294
-0.012911748685407786
0.052689489223536336
0.00014936445452473634
0.020752375504785368
0.017344492962548586
-0.0091858603085324112
0.017261813934839054
0.013007007944922932
0.012321020658563774
-0.008602203582663392
0.050172548403573992
0.0068767773039644096
0.033956599381007812
-0.0052724049041499296
-0.036699842997945712
0.0023741469339615408
0.0076618557921070976
0.0535043840548024
-0.0099999573884366192
-0.03025757635955628
0.01155302450572826
0.051525405698860992
-0.014948674725345334
0.0070126456669541424
0.032242178992380132
0.0029762874111352032
-0.053400407918215544
0.022633218954696056
0.005418207108798256
0.001075242644100527
0.02487746485155018
-0.01175050964026525
-0.00061086374815744192
0.021358050457473964
0.0036451377040762624
0.059093415638393768
0.0075918879259644352
0.03369833118037846
0.0098877590707253664
0.052091475671825368
0.008000919125657368
0.0086326355158092832
-0.0428669587240984
-0.0089641075955366752
-0.0066093727552125616
0.06064097699865556
0.0031417707923431236
0.010870729776580212
0.0068788442251968008
0.00099255591275149152
0.012656384162468726
-0.0094868094011895104
-0.0044440680986062016
0.017029150688844474
0.042493720945940616
0.0076093567800406
-0.041496125272446168
0.032950402069142904
-0.0099980788260793936
-0.0078692306453822528
0.010064487335269768
0.0080626761963635824
0.0087531728690963824
-0.0090130269292680864
-0.042174980840586688
-0.033064305767995352
-0.0030934520547489796
0.019137233699023424
-0.041558097011257008
0.0072730499630084816
0.025493484369929044
0.02248421265261502
-0.000613739559592652
0.0058751498157141312
-0.00083719676180038512
0.013846028684993072
-0.030373861256039804
0.010939091464805096
-0.016247855670054712
-0.021600376593761796
-0.028437935320533292
0.04665995210396456
-0.0084636069669707936
0.043604141157533856
0.013950042795071838
-0.0022591506710663012
0.016229508182220798
0.0021078652956445508
-0.0061847545264877016
0.022222936073382548
-0.002575630724034994
0.0064563381619029416
-0.012377961544104644
-0.0057394410298288176
0.024172758821423556
0.01386414717669826
0.035375382730811644
-0.0019324980172639172
0.015705215869105338
-0.01650965099373014
0.012638363533048924
-0.0034624454270453244
-0.019010663016252316
0.007784167044382784
0.012491511228796882
-0.019099925897698712
-0.01940239178073
0.00026041892871919716
